,n0_r0,n0_r1,n0_r2,n1_r0,n1_r1,n1_r2,n2_r0,n2_r1,n2_r2,n3_r0,n3_r1,n3_r2,n4_r0,n4_r1,n4_r2,n5_r0,n5_r1,n5_r2,n6_r0,n6_r1,n6_r2,n7_r0,n7_r1,n7_r2,n8_r0,n8_r1,n8_r2,n9_r0,n9_r1,n9_r2,na_r0,na_r1,na_r2,nb_r0,nb_r1,nb_r2,met,timestamp,event
95098,209.77802,359.26935,45.82767,221.68713,355.01804,42.891376,227.2657,385.43283,45.20811,257.9049,377.66397,38.121876,296.06204,379.18008,39.720127,254.07254,365.06082,46.306374,224.23804,371.8114,44.333244,237.6681,389.90317,39.713493,237.39383,396.47342,45.959053,211.10733,401.52026,44.32764,163.30826,386.4799,46.764435,135.83015,376.25812,50.70666,573622506.366991,2019-03-07 03:35:01.366991,GRB190307151
95099,207.92734,360.35022,44.477093,219.95796,352.17783,38.599865,228.37267,373.18835,42.51358,259.50378,377.18146,36.65169,290.65158,376.09406,38.737198,253.94066,353.04245,43.609684,227.54233,374.86923,43.96539,235.58093,385.11722,41.674046,239.46034,406.24924,41.911686,200.32858,394.28976,46.408638,155.603,382.3353,48.970257,136.5747,385.71637,50.955227,573622510.463057,2019-03-07 03:35:05.463057,GRB190307151
95100,205.95859,360.5807,42.759995,215.79088,351.07373,37.8645,224.5659,373.0514,41.409317,263.78522,378.7622,35.792416,284.51303,367.13336,38.245613,256.39575,353.53946,43.120544,234.51624,376.818,42.372124,231.03734,381.91635,43.265877,238.60747,411.28232,42.525314,201.67494,392.3294,49.5922,152.78743,373.39877,48.235775,133.38614,390.11465,48.01411,573622514.559124,2019-03-07 03:35:09.559124,GRB190307151
95101,208.54967,360.12192,38.59762,219.46945,353.52838,38.967773,232.5284,369.37466,41.164143,259.3617,370.65677,38.242367,291.26227,369.59415,39.96275,262.26917,360.2679,41.159477,238.68666,381.84967,44.33277,232.88228,385.60403,43.879925,238.36203,408.46304,43.138012,204.24048,387.90997,50.202995,157.67834,371.91522,46.397587,131.91173,386.6716,48.01244,573622518.655191,2019-03-07 03:35:13.655191,GRB190307151
95102,201.8246,364.92633,40.438446,228.66867,349.37534,40.562344,232.64528,361.89264,39.570522,246.48509,370.89203,36.647957,296.1664,375.11145,38.614414,258.225,357.93805,40.179222,232.80986,387.85315,43.843204,233.97989,394.7874,44.736855,243.258,405.87933,44.362415,205.71483,399.3072,48.122578,166.62564,374.5098,47.869675,135.10153,387.5442,51.321434,573622522.7512571,2019-03-07 03:35:17.751257,GRB190307151
95103,199.24571,368.95993,46.196575,220.8203,344.71005,41.17404,229.45033,357.5897,41.65142,251.53227,372.76297,37.63178,289.5447,380.50244,38.49155,256.3916,354.39127,44.834843,229.24759,382.8141,40.90208,235.06656,387.03867,44.73373,246.2076,402.82947,46.324776,205.96628,403.97308,47.266933,168.21147,377.19037,46.643795,135.59302,397.59256,50.95456,573622526.8473241,2019-03-07 03:35:21.847324,GRB190307151
95104,200.22221,369.44308,46.563305,209.65422,345.29843,39.57821,231.77763,365.55203,43.856445,258.40897,375.23236,40.82077,291.37204,377.66818,39.102936,268.5362,366.05206,46.552807,222.86879,372.99908,40.77764,232.25224,380.5505,41.057785,243.13704,396.4457,47.05878,203.27245,395.27917,48.736404,168.94366,381.46988,45.29649,138.65208,389.98962,50.096027,573622530.9433911,2019-03-07 03:35:25.943391,GRB190307151
95105,200.70898,367.10873,44.234398,216.99757,342.8341,36.14584,229.70726,372.187,44.348812,261.8253,377.7835,37.87641,292.35333,385.26898,37.754642,264.2535,372.06207,41.04076,231.69778,376.93753,46.16811,226.11494,381.76047,38.482433,244.23729,398.27957,44.484764,204.74014,403.725,45.062424,167.96796,384.29404,47.37872,135.83223,385.57248,48.625248,573622535.0394661,2019-03-07 03:35:30.039466,GRB190307151
95106,208.18091,358.1594,42.028282,222.63342,343.32355,35.043015,230.07726,368.63815,40.673935,267.5866,381.33853,32.237877,300.21664,381.7373,38.982807,265.11063,366.67102,38.590504,236.3648,384.797,48.49765,233.5886,385.18832,39.339947,246.07965,398.4088,43.38257,205.1035,406.2886,43.592144,165.51245,384.2778,44.805885,134.48546,384.47162,50.09522,573622539.1355422,2019-03-07 03:35:34.135542,GRB190307151
95107,209.17563,357.0813,43.99183,223.9981,348.49594,39.334457,231.42873,374.76996,39.204445,261.81955,372.74963,35.54666,308.43362,367.88922,36.531487,268.79315,366.9259,43.002003,228.75919,380.73462,45.066048,249.42346,396.38107,42.898384,243.26216,399.7588,47.18183,198.73596,404.45157,45.061512,168.07979,379.3731,41.744507,131.05511,386.30637,53.52438,573622543.2316091,2019-03-07 03:35:38.231609,GRB190307151
95108,203.17838,369.1033,42.767944,219.34035,355.72348,39.334217,231.67332,370.84885,43.737373,260.10992,361.60428,42.166733,300.58792,378.67706,37.144432,261.68103,372.79745,46.0637,230.21408,367.73026,46.655087,244.28328,396.02573,41.67402,244.35669,406.73013,48.28312,205.71498,398.57275,45.061375,164.78123,371.43112,40.644405,129.95543,393.17337,52.42312,573622547.327676,2019-03-07 03:35:42.327676,GRB190307151
95109,205.25676,367.74658,43.379635,215.7827,355.2266,35.044777,229.71431,369.74817,47.29052,262.08636,372.2901,40.330406,299.85458,387.87402,38.738365,257.6331,367.88977,41.285,225.4426,363.45117,45.186485,227.96474,389.74615,40.322796,246.9166,401.92874,43.623974,215.6368,388.17072,48.61318,157.31154,367.3867,40.888756,128.9789,388.774,49.117317,573622551.423743,2019-03-07 03:35:46.423743,GRB190307151
95110,207.58223,365.41333,46.19746,221.67015,359.1571,38.966892,229.23926,381.77954,45.700825,260.4848,378.65295,40.69692,301.5722,384.56586,39.228905,258.49234,369.48477,41.407776,217.35901,366.02032,43.83917,228.58492,382.52734,41.05949,236.49585,397.38654,43.50053,212.09193,393.57013,48.49215,153.51007,366.8817,46.64062,130.32326,388.39758,45.68663,573622555.519809,2019-03-07 03:35:50.519809,GRB190307151
95111,213.82925,380.2362,45.216614,221.42947,364.3109,42.031162,241.74532,381.42584,44.10964,264.15994,377.05615,40.20625,298.01544,389.09955,41.190125,265.49222,377.8394,43.493187,215.7741,374.11456,45.310112,234.96553,386.21616,39.835052,226.45445,399.23624,49.506275,212.82753,390.75525,50.941456,157.06325,373.13232,46.64154,135.09833,400.02823,52.177593,573622559.615876,2019-03-07 03:35:54.615876,GRB190307151
95112,229.88998,377.92148,44.72806,218.23563,350.69644,41.294445,241.36426,382.26218,44.107174,261.953,373.37802,36.773933,291.3994,397.19568,40.455116,279.7266,379.34012,41.04617,218.59999,378.6617,43.84246,230.15814,385.8029,40.565678,226.69672,398.49606,47.299965,213.68471,388.55106,51.43128,160.86206,383.05737,45.663277,135.35274,406.30322,55.24352,573622563.711943,2019-03-07 03:35:58.711943,GRB190307151
95113,219.34006,371.5302,42.765186,227.06044,349.84216,42.397686,234.00299,379.91794,43.12516,261.3384,377.78845,39.1027,286.1126,384.05777,39.9626,284.98587,379.94034,43.005177,223.60988,376.43854,43.227978,235.1764,382.97357,42.402832,228.64793,398.8473,46.195213,209.63899,392.33838,48.613712,170.5422,387.60706,47.991776,135.35051,393.68015,49.853085,573622567.8080101,2019-03-07 03:36:02.808010,GRB190307151
95114,206.35141,371.77563,41.417324,234.30092,354.63748,40.80659,235.98137,379.94717,45.824005,269.428,384.5294,36.65103,289.9192,383.2082,37.389153,272.35663,377.96683,44.228855,223.36281,382.8027,41.390697,238.85042,380.39594,43.627884,233.54555,392.10165,48.52258,204.36801,389.6339,47.877705,170.41795,383.93008,48.11369,134.10457,378.43207,49.11044,573622571.904077,2019-03-07 03:36:06.904077,GRB190307151
95115,211.49352,354.9807,44.234737,232.21194,347.76648,43.133827,234.98613,380.04535,43.493263,267.21762,382.80762,35.5473,290.0722,393.66943,39.10948,271.2499,371.71286,41.042786,221.40993,380.36462,40.412212,230.38387,374.74142,43.135704,247.7583,386.2187,48.522396,196.77629,395.75665,49.71448,167.96823,375.72488,47.50122,132.26588,381.4891,49.109833,573622576.0001521,2019-03-07 03:36:11.000152,GRB190307151
95116,215.63647,353.10474,43.372337,228.89813,342.612,43.868057,229.70872,363.3686,44.3491,265.6087,372.24442,36.280655,289.20914,381.52557,40.58,282.51755,371.21777,38.836975,222.25961,369.45303,42.982437,222.0556,380.9994,42.891537,244.44998,385.60608,47.787216,198.1257,400.7821,48.490593,167.97067,377.4443,44.073936,131.0541,385.44598,50.216988,573622580.0962281,2019-03-07 03:36:15.096228,GRB190307151
95117,215.8824,362.78537,41.77974,222.03552,347.39,40.682007,224.45003,365.09885,48.393974,260.69485,359.35934,31.744226,292.9979,373.4191,37.268353,277.3622,369.9796,39.815685,222.62718,369.69827,43.472305,221.08221,382.84967,41.78993,235.1364,384.99142,43.008274,206.33156,401.03018,42.98064,163.8043,368.6209,44.68503,128.36197,387.53558,47.523327,573622584.192296,2019-03-07 03:36:19.192296,GRB190307151
95118,210.98303,362.91043,42.637688,225.46954,349.47778,39.212093,228.13037,385.6898,44.351875,248.91786,357.26025,32.723324,292.87598,363.12207,37.023247,270.7346,363.34787,42.509007,221.6512,372.88834,40.289085,225.86125,389.46667,41.78985,232.6894,385.85513,43.9892,209.0237,396.86337,45.184383,163.31761,367.15857,47.25682,127.25324,389.84317,46.05122,573622588.288363,2019-03-07 03:36:23.288363,GRB190307151
95119,207.05316,359.5864,40.79805,226.92812,346.27368,38.964977,232.90535,383.6016,39.573082,250.1578,364.3896,37.015022,280.8625,363.73593,38.24928,273.67444,367.7577,45.449066,219.81963,376.57123,42.12699,224.87625,391.17438,41.053703,227.66484,394.0636,48.15516,202.39758,394.87732,44.691544,167.11465,375.85492,45.420906,130.91827,382.34503,48.864723,573622592.38443,2019-03-07 03:36:27.384430,GRB190307151
95120,205.45358,357.98172,42.756886,225.81874,344.5482,36.390755,230.32632,379.54837,41.04219,258.6217,371.50827,38.85454,286.7449,375.13443,36.410107,264.72412,366.15472,45.325275,222.51216,377.05832,43.351295,229.6536,381.8573,41.543526,229.73662,396.1272,48.520374,205.82825,396.35098,43.59004,174.9597,382.11984,45.668278,130.55289,379.04425,49.96771,573622596.4804971,2019-03-07 03:36:31.480497,GRB190307151
95121,203.73845,360.30954,42.634384,226.4351,346.7594,36.268826,232.17615,384.71405,43.49474,261.31622,375.05988,37.50599,295.81665,378.32166,36.655273,256.14664,363.57877,42.507355,229.73195,372.15106,41.88077,230.50803,374.13132,44.729095,235.99063,390.25452,48.276382,222.38266,394.92514,47.146103,179.61903,382.01184,46.404644,125.04508,380.40158,48.744312,573622600.5765641,2019-03-07 03:36:35.576564,GRB190307151
95122,201.90141,355.5327,41.041855,227.67091,347.75568,38.96628,245.2955,382.52374,41.903625,255.82036,380.6048,35.057316,282.9575,386.3081,37.63776,263.26413,371.06888,40.671795,223.10867,364.419,45.185017,226.46234,380.01065,43.013138,238.44441,393.93567,43.98846,221.88992,394.91998,42.124798,174.58905,369.13464,46.646866,131.53528,379.2968,48.499043,573622604.672631,2019-03-07 03:36:39.672631,GRB190307151
95123,200.31549,352.23672,41.410786,227.92606,347.77103,42.88931,244.42897,372.0956,40.309338,251.15942,374.10373,39.10193,288.97342,383.6223,37.148468,263.0203,362.74014,44.22465,211.7103,360.36057,43.10123,225.85036,383.44318,41.665283,233.67274,403.75024,44.112316,217.6085,400.92865,39.55405,176.79642,373.3049,46.770245,139.37671,391.92044,48.990055,573622608.768698,2019-03-07 03:36:43.768698,GRB190307151
95124,198.47945,359.2233,42.881363,220.92023,343.2044,42.39512,237.55904,367.91632,41.533012,252.3856,367.4852,39.5923,302.82205,380.18265,37.515606,257.74667,356.48425,42.3861,209.00713,366.09918,39.670948,222.16684,379.99963,41.5414,226.18436,392.82074,45.702473,212.46745,400.443,43.718086,189.177,379.33356,43.835186,133.8637,389.83362,48.98946,573622612.864766,2019-03-07 03:36:47.864766,GRB190307151
95125,201.90796,364.97803,42.02332,227.64748,342.4514,39.94245,243.80827,370.0005,39.817932,252.00723,365.99884,37.384342,306.26187,375.40985,38.252083,261.4189,362.11542,39.813095,209.87257,379.82773,42.12145,223.7584,384.28607,42.276367,226.17223,387.0412,46.190105,206.45563,392.58408,44.81777,189.05061,379.4481,44.07916,122.70663,370.20172,47.270218,573622616.9608421,2019-03-07 03:36:51.960842,GRB190307151
95126,203.98882,359.5839,42.145435,228.15642,344.0726,41.53868,248.3447,372.94586,38.715797,258.38004,367.95865,40.325916,299.28708,377.26602,39.847725,262.77975,369.9743,43.24534,211.48116,382.67438,43.226894,230.50084,380.98196,44.482616,234.26784,393.91794,45.579308,206.07968,383.50656,48.979126,186.85031,380.67996,44.202465,123.561966,373.62494,44.57538,573622621.056917,2019-03-07 03:36:56.056917,GRB190307151
95127,207.42415,360.81757,41.656357,221.65958,340.14758,38.965034,246.50758,378.58273,39.573532,263.30676,371.5469,40.574738,291.18665,381.05603,35.31021,263.8991,369.38522,42.880543,221.15631,373.12473,42.247467,232.2191,381.5991,43.13516,229.60362,385.8174,43.86238,212.08543,384.4967,45.551838,181.09554,381.4149,41.14138,132.75777,380.76007,47.518463,573622625.1529839,2019-03-07 03:37:00.152984,GRB190307151
95128,208.64934,363.88052,37.61324,226.19106,353.62262,36.146458,247.36655,363.6374,41.411537,260.97226,366.88116,38.612617,288.48898,373.9445,33.83891,257.88693,358.34647,44.83925,224.82947,374.22595,43.8393,224.50813,381.8599,43.504578,223.358,388.02786,44.720608,214.54376,394.92215,41.75766,178.0322,384.96097,45.67126,134.83162,381.59433,47.39313,573622629.249052,2019-03-07 03:37:04.249052,GRB190307151
95129,213.67375,377.35962,39.57375,234.80829,370.35004,40.319378,252.17326,376.91202,40.92608,267.95993,368.8433,36.406265,281.9904,371.36908,35.923122,269.17172,367.06348,45.944195,218.57584,380.3342,45.919292,226.58832,380.26154,42.891247,228.12746,386.78754,45.086414,214.41594,391.7285,47.022114,180.60873,389.13528,49.468426,132.99307,388.32507,45.18825,573622633.345119,2019-03-07 03:37:08.345119,GRB190307151
95130,217.73454,402.0186,42.640194,237.52243,386.67868,43.26389,260.41138,408.81522,41.05309,278.89615,387.26724,36.777515,282.2342,381.05292,37.762,289.29874,394.43146,44.234158,218.94424,380.94827,44.205185,237.48816,378.53503,38.72356,230.95212,396.60052,46.190422,219.20616,400.69418,47.760002,185.50693,389.50333,49.9583,132.64417,402.3417,50.706078,573622638.466977,2019-03-07 03:37:13.466977,GRB190307151
95131,236.91853,430.67178,43.16528,259.70593,425.21124,39.7409,292.8747,446.91602,41.699078,294.75873,423.81793,40.56613,288.21686,397.4841,39.094116,311.00586,447.54102,42.0234,222.17331,377.53125,42.637672,229.2016,385.65378,41.033955,230.48174,410.6171,41.192482,210.26332,418.40277,46.071682,199.14139,392.07492,49.17273,140.54222,399.7282,47.718987,573622644.0990701,2019-03-07 03:37:19.099070,GRB190307151
95132,254.96844,458.1587,44.521416,302.17728,487.80045,41.40221,306.42404,509.4643,42.177444,282.7186,453.6054,39.239223,298.18546,401.5695,34.134388,333.4779,486.48544,43.94062,222.58887,399.5235,45.06641,219.9887,404.6851,39.997944,238.18263,409.5173,45.676174,226.32822,439.91934,47.81306,196.91685,417.15024,50.159916,152.28716,404.92313,52.526333,573622648.7053721,2019-03-07 03:37:23.705372,GRB190307151
95133,258.27252,423.39435,47.653927,283.6665,471.4043,41.19638,298.32825,468.38123,39.03177,299.57617,430.82465,42.180008,288.1985,402.37924,34.92126,315.9433,448.71402,37.850437,219.45966,377.98007,44.675716,224.89694,388.03055,39.410885,229.93521,387.53787,44.693287,222.39845,416.58072,44.47969,200.83356,407.54517,41.14639,149.5148,400.3391,46.24573,573622652.801439,2019-03-07 03:37:27.801439,GRB190307151
95134,246.71751,419.69434,40.596603,270.48706,418.1859,41.583218,295.54297,436.35245,40.20326,299.1798,415.32043,41.787083,318.6169,391.99298,32.764175,330.24905,418.49847,37.456985,216.494,375.97467,43.10288,228.21266,393.2943,45.093567,232.50244,395.60703,42.14842,224.9434,387.96857,45.263,193.95866,390.8561,42.122337,145.59184,391.11887,50.555447,573622656.897506,2019-03-07 03:37:31.897506,GRB190307151
95135,221.95534,375.8731,45.293003,246.30493,359.65228,39.02443,265.099,400.19754,46.0786,282.45105,389.35092,38.444725,294.06384,377.24136,34.52651,284.2633,392.67545,43.91378,218.44452,369.10266,40.35836,225.84828,381.11896,45.679382,233.47879,396.18863,42.93187,220.41164,385.18158,45.453777,183.76396,383.9844,43.2962,141.08963,381.33392,47.421795,573622660.993582,2019-03-07 03:37:35.993582,GRB190307151
95136,230.77101,376.05673,40.585896,248.22493,368.61206,40.1944,257.85007,392.95172,48.82484,265.16055,375.77484,36.086937,301.12042,376.05722,31.779482,277.77692,389.31894,41.36269,225.31163,383.61752,39.576477,237.81113,376.0278,39.602512,232.28539,397.9235,43.712776,228.85359,402.84503,47.61252,181.61394,373.21957,49.566696,139.52988,376.2603,53.891453,573622665.089658,2019-03-07 03:37:40.089658,GRB190307151
95137,215.84306,369.93268,42.345234,243.93115,371.77933,41.57026,250.7699,396.64386,44.115112,256.93408,379.12485,34.71552,284.6448,387.43863,35.114693,263.2554,383.4159,39.008057,214.92485,378.91034,39.771873,231.15517,377.61224,43.5254,231.47862,389.0644,37.24042,212.56923,388.89395,47.60767,199.05624,382.43878,48.980377,136.95627,376.7767,57.603924,573622669.1857259,2019-03-07 03:37:44.185726,GRB190307151
95138,225.6363,373.64273,42.931667,230.74124,353.2674,38.62024,247.61592,378.18774,40.191025,260.64478,367.3346,40.40092,294.45245,385.0834,34.52607,269.73645,370.10352,42.146324,230.01588,371.08185,41.927937,226.44554,383.09488,41.367973,224.21855,373.7629,42.726963,227.0969,391.29636,42.127552,191.20078,374.95724,44.469852,131.4751,375.81107,47.417248,573622673.2817941,2019-03-07 03:37:48.281794,GRB190307151
95139,222.69678,367.5673,41.55961,239.1864,354.07428,38.230614,270.5906,387.4544,40.00035,265.35382,367.7298,41.57798,297.01645,381.37384,34.331493,275.02798,373.43427,40.773926,222.1686,357.9383,42.317825,215.06746,379.55386,41.95482,218.54013,372.20422,47.236027,213.94926,393.6118,46.82589,194.74814,379.7001,45.65022,133.03241,374.2149,49.372856,573622677.377861,2019-03-07 03:37:52.377861,GRB190307151
95140,220.74028,370.12222,37.443512,241.56572,371.9563,37.646606,260.5612,388.5871,32.54564,267.10712,362.81067,36.084953,294.0474,382.32047,37.07469,282.87146,370.69296,40.186176,224.72618,365.40045,45.650566,215.46048,358.38196,40.38659,221.28056,370.43427,47.039272,221.98808,395.77753,41.145187,187.48534,371.24838,46.43054,125.00784,381.0976,48.592392,573622681.473928,2019-03-07 03:37:56.473928,GRB190307151
95141,234.49115,375.6564,37.644066,267.89987,391.25934,36.870552,272.72107,397.61206,35.29101,268.30594,381.27686,40.402794,293.8202,372.66913,35.50164,302.73053,388.2166,42.743042,221.37628,349.69617,43.68753,214.08553,389.5494,37.83746,230.47629,375.11194,40.56853,207.87248,388.70782,43.298603,194.93556,383.0141,46.04006,146.16562,382.85205,48.003456,573622685.5699961,2019-03-07 03:38:00.569996,GRB190307151
95142,284.0489,501.20505,40.017937,343.1403,533.9483,43.579605,372.3125,566.0249,43.37431,329.07635,469.9689,38.068462,303.27545,424.50717,42.960754,408.40906,543.0408,41.606304,224.34908,381.29544,41.34293,239.5975,399.19846,42.15504,243.45078,406.92737,52.140022,217.1127,425.6036,46.440174,209.27551,425.80118,45.852497,154.22687,429.36603,49.187984,573622689.666064,2019-03-07 03:38:04.666064,GRB190307151
95143,326.56622,574.8272,39.839508,405.968,612.1926,40.066505,419.64648,647.6341,40.05984,336.40945,526.20404,42.7872,297.43774,431.8341,37.866417,465.017,627.41943,49.879356,228.07477,396.58362,41.53939,234.31903,403.1464,41.373486,243.86317,431.8574,48.61581,231.63553,449.35724,44.289024,211.83438,433.27087,51.145954,172.29211,453.36935,49.19832,573622693.7621319,2019-03-07 03:38:08.762132,GRB190307151
95144,301.37338,490.32037,50.425102,361.626,520.45087,41.620365,362.9002,545.4298,35.524574,326.18823,478.88043,43.76653,295.03442,400.57202,39.625633,420.98474,539.1352,37.093758,219.02701,386.33386,39.377842,230.75493,379.5595,39.01464,232.67587,403.4094,46.652786,219.45808,419.12573,41.93217,197.89917,414.21667,39.187954,157.76208,432.3269,50.758236,573622697.8581991,2019-03-07 03:38:12.858199,GRB190307151
95145,292.5075,471.03323,42.571518,337.95352,478.4731,39.84005,362.46533,503.76205,41.015297,312.0171,454.28903,39.836143,291.903,399.79724,35.89936,386.3592,492.711,43.168625,221.19127,376.35822,41.33867,228.58571,386.40002,38.81644,232.26857,401.81485,44.493645,224.94633,417.75748,47.02711,196.31705,389.4993,43.69132,150.9052,411.16766,49.583134,573622701.9542751,2019-03-07 03:38:16.954275,GRB190307151
95146,283.6307,458.399,40.602734,313.00937,462.93988,41.015022,350.45786,487.81537,39.833675,318.8261,438.5085,35.316124,310.93762,396.86234,39.823555,372.5564,457.70096,44.730312,222.36972,368.72232,48.392353,228.37921,390.303,37.05036,241.7039,401.46762,42.53832,227.48659,408.92722,47.02565,204.74605,385.9806,45.25965,152.05424,397.57483,48.202766,573622706.0503521,2019-03-07 03:38:21.050352,GRB190307151
95147,257.26587,393.3501,39.80562,280.6804,393.4625,40.405422,297.92093,415.01035,34.91108,280.88718,393.0851,32.953243,288.738,383.284,36.876865,330.24866,398.69095,42.751907,215.10794,377.12457,43.099953,233.07524,375.58633,40.773464,229.13867,377.9122,41.946686,222.16946,395.9475,43.885326,193.56047,374.5826,45.84327,132.05315,381.661,47.805588,573622710.146419,2019-03-07 03:38:25.146419,GRB190307151
95148,226.21863,369.90863,39.794094,251.95732,374.3086,33.921104,258.42087,394.8859,42.93943,258.30295,383.82602,36.087883,281.467,372.67407,37.46355,289.9538,379.74344,38.817345,217.24547,354.37067,39.374516,219.52953,356.53946,41.94582,214.2061,376.08554,43.703533,217.47069,388.31253,46.23701,194.35551,384.59665,46.825573,124.60624,384.3985,50.93966,573622714.242486,2019-03-07 03:38:29.242486,GRB190307151
95149,221.67876,370.0526,41.356514,245.64886,362.29776,36.268986,264.30664,393.911,34.901024,272.413,373.02344,40.204945,285.2118,369.55917,35.89667,273.0588,375.97043,41.164642,219.80441,358.70044,42.511192,231.33746,375.04117,40.58208,221.86111,375.1256,44.48982,219.825,386.555,40.360027,203.94815,378.9008,45.256504,132.45358,375.21982,52.11931,573622718.3385541,2019-03-07 03:38:33.338554,GRB190307151
95150,217.568,376.13782,40.769497,240.76971,360.9585,39.605442,252.3391,388.60614,39.213535,272.79797,372.81735,33.14368,282.4634,374.65634,36.288704,287.1987,374.8286,37.247612,219.22318,356.75192,42.904266,227.40836,376.59607,43.913338,204.80363,370.99835,45.076397,207.48134,383.61517,41.14361,182.17708,371.60205,45.838104,130.29242,357.56943,47.610615,573622722.434622,2019-03-07 03:38:37.434622,GRB190307151
95151,222.48737,366.5651,36.85253,235.24403,346.5929,38.03112,260.5602,394.4674,41.172043,268.6868,373.4158,35.105793,283.03033,367.7629,35.30524,263.83807,367.1387,39.399296,219.61754,366.55167,43.100677,218.55547,358.70538,41.162914,215.5841,385.50357,42.136894,217.67493,386.75995,45.259144,186.69225,365.9403,45.44869,136.75673,379.50974,47.610153,573622726.53069,2019-03-07 03:38:41.530690,GRB190307151
95152,206.218,367.3503,42.537365,231.51671,347.37308,38.22672,254.08035,371.9062,36.857334,267.4929,368.88132,34.122993,294.06396,388.2272,33.545654,267.5605,383.60138,40.771122,209.61662,369.66968,41.335613,211.11566,376.5582,44.69301,214.98048,359.9992,42.917706,220.61891,389.12003,42.12528,191.41023,354.60852,45.844414,131.45195,370.65143,47.4089,573622730.6267581,2019-03-07 03:38:45.626758,GRB190307151
95153,213.4707,365.58572,42.14527,242.89954,351.90045,38.816875,250.74788,377.00406,41.562588,262.18323,365.72305,31.963997,284.37924,351.84576,38.636353,277.95895,376.94995,38.6163,216.46123,355.34903,38.19904,218.5812,374.62662,45.872646,214.19223,367.83057,43.896667,219.63284,381.6635,45.258865,191.79158,366.53937,43.491043,127.92583,360.073,44.470387,573622734.722826,2019-03-07 03:38:49.722826,GRB190307151
95154,219.33755,359.87823,36.850277,240.94426,359.74997,36.85722,276.2265,382.48254,36.85634,263.52844,369.99866,33.72537,285.1821,361.28296,34.127705,280.7187,365.20874,46.459724,218.4364,363.21173,44.47091,216.21983,367.3581,42.146206,204.57574,356.048,42.130062,215.69797,383.39774,38.79037,182.76643,365.72876,44.07551,123.81707,368.90433,43.10088,573622738.8188941,2019-03-07 03:38:53.818894,GRB190307151
95155,214.61533,345.1485,42.923065,225.83871,339.54224,37.835827,245.06972,383.093,38.819042,260.79404,362.75864,39.021065,301.87015,370.71774,37.660213,278.13577,369.67166,43.90586,210.59476,369.27545,42.90256,223.6556,368.12024,41.163605,197.92088,378.59717,37.820526,215.51358,381.06717,36.245464,192.3839,381.0455,45.451187,123.23283,364.6046,45.06129,573622742.9149611,2019-03-07 03:38:57.914961,GRB190307151
95156,216.1908,357.9006,43.31656,219.34776,350.28995,37.04801,237.7794,372.6452,41.165436,263.9524,355.33563,35.10214,288.9162,377.76822,34.520874,268.1175,364.34973,45.666214,217.2531,360.456,38.9841,211.67609,368.2772,41.355236,208.13829,370.61157,44.293083,220.22629,385.396,44.476303,186.11072,361.64252,41.92389,125.187935,369.4905,47.018944,573622747.0110371,2019-03-07 03:39:02.011037,GRB190307151
95157,207.54984,349.83612,39.981274,219.93652,334.6093,36.656086,243.83556,368.30145,40.377914,267.86267,358.8497,35.1006,284.38885,365.97903,33.34214,254.2001,364.9349,41.354065,219.42242,358.7165,44.27631,218.9685,365.40494,42.34306,203.2307,383.13983,45.85919,211.18985,384.9611,40.161335,187.09816,356.95587,42.905235,130.86952,361.26257,44.863953,573622751.1071141,2019-03-07 03:39:06.107114,GRB190307151
95158,203.0471,347.49277,38.414318,231.48978,320.4791,39.00632,248.74188,364.19418,39.594845,249.81999,348.4538,41.767395,287.524,377.5468,40.01016,269.90646,366.34363,39.00609,219.01372,361.0396,45.05649,206.02823,375.7908,43.51881,193.80797,379.58145,42.328133,215.89581,377.132,43.492622,187.0909,371.635,44.47082,127.924034,372.8016,43.686157,573622755.203182,2019-03-07 03:39:10.203182,GRB190307151
95159,206.38802,353.19205,40.180004,221.69902,345.97592,33.7155,250.31546,366.7504,39.399693,246.11021,353.18286,37.65192,295.16794,383.8164,36.675354,264.20575,358.28494,41.355648,228.23605,382.61374,43.100372,213.43733,369.64447,38.414803,205.94449,373.67856,40.561855,215.68741,367.70688,44.469612,187.0868,365.9457,41.727215,130.86626,364.9758,50.93597,573622759.2992501,2019-03-07 03:39:14.299250,GRB190307151
95160,205.0108,350.43912,47.626793,233.46951,343.24527,37.83343,236.78839,356.5547,37.439224,263.1696,358.8676,34.90625,282.80997,369.49652,35.302216,270.66916,360.82687,34.887115,215.68205,363.9757,44.27261,215.8116,377.13126,38.61479,212.41956,373.30188,38.603924,226.88106,382.44547,47.217907,200.80171,361.2472,42.119385,125.57969,369.49033,49.17395,573622763.395318,2019-03-07 03:39:18.395318,GRB190307151
95161,214.24695,341.85422,42.143726,222.2989,332.4682,32.93317,235.99942,362.42767,40.57465,262.955,371.98032,36.080326,284.17468,356.14993,31.967201,267.15472,353.00488,37.632946,211.17418,359.46625,41.921406,212.6694,368.8883,43.317917,220.24252,364.6542,43.303913,222.58398,394.22446,43.8898,200.22429,371.2574,41.533806,122.82252,361.21967,46.425735,573622767.4913859,2019-03-07 03:39:22.491386,GRB190307151
95162,201.0876,361.8009,36.65047,225.03505,352.8424,36.656406,241.67725,358.69373,39.985527,252.76006,358.06042,40.786728,283.81097,378.1531,32.362686,255.56123,359.43198,38.41258,229.99315,372.4165,41.72789,210.5102,351.83035,38.613136,202.01877,375.42966,43.303734,220.80795,378.52792,39.968784,202.98242,386.176,45.847378,131.05763,355.16812,45.057182,573622771.5874541,2019-03-07 03:39:26.587454,GRB190307151
95163,200.10255,358.8519,37.433483,227.96239,336.55322,37.830387,246.59642,362.24976,36.26418,258.0575,370.4184,40.7872,299.70532,376.39694,33.736465,253.79259,355.11365,43.11534,224.88942,353.00586,39.767033,212.86618,368.30164,49.786385,195.15356,362.87592,45.45746,231.38145,367.3499,36.44111,190.02873,373.59256,41.72796,130.06107,357.47205,45.443024,573622775.683522,2019-03-07 03:39:30.683522,GRB190307151
95164,201.66528,352.5713,36.256634,229.50482,324.1682,34.886303,245.99304,347.52643,36.45793,256.47595,353.53683,40.393005,297.73175,366.1826,30.400805,267.9226,358.07947,40.374584,207.05322,353.3813,40.940514,224.24135,376.1531,42.339275,193.9725,359.33896,44.86839,222.94542,364.98007,41.7288,193.95041,369.2894,43.10009,124.39268,355.1558,46.62277,573622779.7795901,2019-03-07 03:39:34.779590,GRB190307151
95165,199.11055,342.36823,38.80304,228.7673,329.9189,37.441776,245.19621,354.5643,40.964035,259.6089,336.66803,34.902103,276.74426,370.49606,40.20735,256.14487,350.80286,39.39183,203.1395,362.59518,37.023495,228.17607,378.13715,42.53798,211.02167,356.993,42.321896,213.74529,366.75635,44.473125,194.15828,366.17743,43.298668,138.88338,348.48172,49.363346,573622783.875658,2019-03-07 03:39:38.875658,GRB190307151
95166,202.47743,348.1122,43.710033,232.84915,316.93356,38.41619,241.08932,372.0224,39.00551,254.1253,354.71658,36.66777,277.31607,365.1786,33.144566,287.1421,366.91467,40.180294,201.96458,352.21368,40.157845,207.95462,357.89362,42.53172,203.96825,358.9528,42.51788,215.11946,379.88763,43.4941,195.52893,369.50656,43.886253,120.87133,358.89185,47.604103,573622787.971734,2019-03-07 03:39:42.971734,GRB190307151
95167,199.53018,355.54788,39.984436,228.1462,316.73904,35.08434,241.49023,368.70386,35.08665,251.17805,355.10028,38.235535,278.50394,364.8009,35.303314,278.91818,360.26114,44.10161,216.45464,357.68884,39.960857,200.49718,350.2331,39.589863,197.2918,360.29752,40.163673,219.43423,388.51614,43.103153,203.55486,365.37997,41.337894,126.54604,354.1722,47.601685,573622792.06781,2019-03-07 03:39:47.067810,GRB190307151
95168,210.68568,344.15262,37.82543,222.86382,326.94534,34.30182,236.40411,357.5465,36.460335,244.71391,354.52145,35.099194,279.07782,363.0169,34.713123,262.42184,338.65942,43.70431,212.52954,348.4701,47.207024,215.98265,357.29254,39.00231,208.07333,358.9363,40.94852,220.59125,375.16187,48.780834,192.56168,339.67645,43.68388,127.145004,353.6159,44.471363,573622796.163878,2019-03-07 03:39:51.163878,GRB190307151
95169,210.49365,326.71594,41.549957,236.79504,329.70966,36.06812,248.12057,341.60678,39.58954,249.98065,347.4241,36.859894,273.59946,371.8599,32.753483,260.24905,338.63733,42.133698,212.14581,352.98868,37.022675,224.2026,356.09802,42.723923,205.93813,387.77502,42.91194,214.14717,379.70468,40.55669,195.12349,352.43692,40.356865,130.67169,340.8827,45.255116,573622800.2599461,2019-03-07 03:39:55.259946,GRB190307151
95170,209.71065,325.5415,37.04235,217.16997,333.39902,34.692314,254.83054,371.07245,38.028557,252.94556,362.75137,33.33391,289.31,369.72836,38.24776,260.84256,332.9613,40.958748,211.16838,351.8167,37.218918,208.73215,362.97833,41.74643,199.45973,372.46854,45.26051,223.74309,381.2645,39.380352,191.78593,349.0935,40.551266,130.6649,354.9697,51.91334,573622804.356014,2019-03-07 03:39:59.356014,GRB190307151
95171,204.22537,328.68134,42.138634,225.01372,330.6604,34.496876,239.5126,360.05292,38.024097,270.1871,349.79233,34.116516,291.24982,373.42737,34.518497,260.47476,357.68735,42.92248,219.79086,352.2139,35.45646,205.60045,372.39355,40.767296,197.7048,367.78186,46.82998,212.76149,370.2755,46.431374,192.96281,359.08716,41.335182,125.55749,330.05362,46.42297,573622808.4520819,2019-03-07 03:40:03.452082,GRB190307151
95172,197.72522,344.69638,36.252888,220.88928,338.29184,35.475563,246.58044,365.55844,39.98602,262.34555,362.53882,38.626366,301.8674,359.14178,40.405903,260.83258,335.10422,37.821705,218.99144,336.51816,39.56733,216.96602,368.07785,41.942844,201.01859,367.1626,44.474873,215.51273,374.79623,45.25767,195.72478,351.0899,40.947426,124.766426,339.04346,47.987087,573622812.5481501,2019-03-07 03:40:07.548150,GRB190307151
95173,205.00119,337.29163,38.8052,237.94872,336.53867,37.82875,243.02454,351.7976,41.745342,257.22134,348.778,33.91714,283.5958,361.65326,35.106255,250.6401,345.4875,41.34876,214.86894,329.64853,40.153267,207.94595,370.6181,35.670277,198.46945,350.50528,38.792645,215.31134,367.73373,45.060608,200.24017,351.302,40.557453,112.42688,347.0739,43.8739,573622816.644219,2019-03-07 03:40:11.644219,GRB190307151
95174,201.46379,337.66742,41.155052,232.46463,326.1561,36.06534,243.61469,355.1326,37.629944,244.13132,367.07938,33.3352,277.70493,367.7237,33.5364,271.43182,340.41666,40.959747,208.61287,350.8222,40.35141,205.98822,366.70215,39.394512,203.37682,372.07376,42.51712,218.25781,371.66525,40.751907,192.98395,353.24878,43.886703,126.54453,362.19943,45.250443,573622820.740288,2019-03-07 03:40:15.740288,GRB190307151
95175,209.49657,332.76443,41.154613,230.08963,338.27487,35.08181,249.70271,351.2302,35.47582,253.92531,357.06406,34.314228,284.95886,359.2874,33.14387,246.11845,340.56836,41.15038,207.43103,351.20288,35.649147,214.21245,369.0412,39.197155,202.5845,354.03308,41.731625,222.95335,368.12775,39.5752,204.13675,363.41043,39.377625,127.51514,348.0713,46.03081,573622824.8363559,2019-03-07 03:40:19.836356,GRB190307151
95176,210.07603,336.86633,38.60539,233.83772,340.66217,35.08546,247.74109,360.43976,37.043564,245.69582,362.95526,37.64852,288.8755,376.9305,33.33933,249.84567,340.378,38.79956,197.83583,351.99106,37.020763,207.33575,349.60962,34.098698,194.95505,364.43857,45.456856,214.52795,364.59955,41.730095,197.0934,364.6032,40.750923,130.07036,353.5798,40.157265,573622828.9324241,2019-03-07 03:40:23.932424,GRB190307151
95177,206.16039,341.37964,38.214138,215.01865,336.54242,30.968958,243.42674,354.16437,38.219173,242.93846,360.19205,33.136883,292.58344,348.47235,33.533356,254.17226,338.4391,37.43015,208.41393,351.4047,41.91784,207.54285,349.2364,38.608063,199.64252,362.4521,42.710567,214.71426,375.74997,41.532322,202.19861,365.6033,45.06364,127.51834,352.97705,34.083244,573622833.028501,2019-03-07 03:40:28.028501,GRB190307151
95178,211.25989,346.4819,38.01894,216.17097,329.45004,37.629036,248.92719,356.5343,38.41711,248.01694,345.6552,36.07519,283.56815,340.63477,33.533993,274.7747,334.74692,42.921295,220.56596,342.60202,39.372787,216.95207,367.07428,40.37229,197.4863,362.64597,40.55522,228.4367,371.65045,42.51352,201.01575,369.7044,39.77212,125.954254,349.45938,47.9919,573622837.124578,2019-03-07 03:40:32.124578,GRB190307151
95179,111.67274,187.98477,20.405783,128.31384,180.03076,20.966314,131.68256,206.19084,19.850237,142.19673,211.68718,19.155312,167.53008,208.22394,19.158281,153.7589,203.2413,18.171507,119.33417,190.5993,24.593458,115.737595,199.04631,22.923872,112.22388,201.5278,23.758478,120.74297,202.63577,24.59579,113.05771,202.63742,24.036991,77.41902,201.65279,27.52987,573622842.756671,2019-03-07 03:40:37.756671,GRB190307151
95180,202.6192,340.5727,40.367073,218.1442,329.66623,36.847355,231.06612,350.2249,33.121437,244.30542,358.61526,33.52827,288.2997,363.41455,37.45935,256.54288,349.04727,38.216854,210.76028,344.738,36.04079,213.20059,352.32965,39.975113,180.03236,356.93033,40.74726,219.62416,366.36682,41.338715,190.81813,356.75546,45.255634,120.25487,338.633,46.417595,573622846.34073,2019-03-07 03:40:41.340730,GRB190307151
95181,203.21332,324.12228,37.624836,216.18811,323.40015,36.06402,235.18826,351.21448,31.750416,260.18307,355.6685,38.233383,272.60266,364.77768,32.555428,250.45732,343.5459,36.843487,210.36586,343.5584,37.01969,204.5997,354.52188,42.526947,184.15285,362.03665,42.51188,212.75671,366.15314,37.61445,204.15134,371.66513,41.339664,118.49961,337.67493,41.132095,573622850.436799,2019-03-07 03:40:45.436799,GRB190307151
95182,201.24266,321.16528,38.210632,218.71837,321.2181,30.769518,256.56635,354.56726,30.772282,260.9749,353.52197,42.155975,268.48392,355.7559,31.770924,263.9803,345.5065,37.431503,199.20125,363.73325,37.80319,213.19449,354.27905,37.034702,195.91214,358.3233,36.047832,218.63129,360.07553,45.254326,203.74774,366.74594,37.027233,127.519775,341.22803,41.527176,573622854.5328679,2019-03-07 03:40:49.532868,GRB190307151
95183,219.6711,333.7198,35.66471,224.58148,322.17447,30.5713,242.4552,362.40878,33.908447,257.45044,344.9012,34.117573,265.9275,354.76608,35.888443,253.79494,350.80536,37.23632,203.10764,342.56052,32.70875,209.88899,370.19635,36.45131,205.88771,351.43915,43.685024,225.48409,362.4201,47.212566,200.6192,361.07538,37.028347,134.17938,351.41284,44.857048,573622858.628936,2019-03-07 03:40:53.628936,GRB190307151
95184,204.58398,345.6764,34.881176,213.43018,326.51486,31.94593,236.14174,339.61298,33.118633,261.3925,360.41962,35.4929,270.44403,360.85352,39.027092,265.15067,348.6349,39.390453,215.657,351.3975,35.64902,210.85559,363.5103,35.4692,194.91344,355.54562,43.488224,219.61162,351.45694,40.94454,194.73059,364.1893,41.92389,122.4116,356.4626,46.02676,573622862.725005,2019-03-07 03:40:57.725005,GRB190307151
95185,200.08644,338.05005,40.957947,212.86217,325.56543,30.772892,246.15242,344.14304,37.04045,264.33002,363.35574,34.11975,275.75897,374.4124,34.126644,259.06714,346.07608,33.31423,214.49257,353.17816,33.887867,213.21431,359.21124,32.33489,196.8819,354.7792,38.396866,217.6553,367.33008,43.49188,201.99866,353.44867,42.711647,128.50417,350.05634,47.405502,573622866.821073,2019-03-07 03:41:01.821073,GRB190307151
95186,194.79317,336.6747,38.017982,219.30978,329.45462,37.825546,252.22911,339.83316,33.904922,267.2664,363.9372,32.942593,282.57825,357.29187,29.807005,264.3476,346.25812,34.48864,213.30707,352.9654,40.15422,212.79826,340.75156,36.446114,196.87599,360.25366,39.179302,220.59048,362.42664,42.707573,202.96548,351.07544,42.708954,138.69592,348.30698,47.015564,573622870.9171411,2019-03-07 03:41:05.917141,GRB190307151
95187,207.5054,322.9168,36.053818,222.04202,327.86963,35.667828,251.23343,344.71106,35.274582,270.98163,344.51138,39.608025,278.62943,350.39462,30.78453,262.1902,334.49823,33.50861,207.82375,339.64786,44.855457,210.86273,361.367,41.545444,188.25905,353.98972,41.922413,219.6143,363.99945,44.471405,200.03348,357.16068,43.298138,124.17869,341.58932,44.26559,573622875.013218,2019-03-07 03:41:10.013218,GRB190307151
95188,213.01913,344.90677,38.802013,225.36757,322.56958,32.72729,238.51486,349.24692,41.549015,266.43472,342.5029,30.78017,276.52417,367.12994,31.574745,257.50455,339.224,36.842354,200.38307,338.47696,43.28901,213.39905,351.54996,39.191746,195.7016,350.65652,43.489243,216.87445,376.1508,43.100613,203.5559,345.59442,41.142193,133.38504,351.7761,40.15262,573622879.1092939,2019-03-07 03:41:14.109294,GRB190307151
95189,206.34804,334.50723,41.347992,226.93756,325.31638,34.295403,238.53311,359.26968,32.732155,247.84572,361.5724,32.94152,282.0075,363.39355,33.73108,259.06015,333.52524,40.17196,219.58727,352.00565,38.589375,207.13661,346.07687,36.841705,189.2342,350.25958,39.178925,213.14125,353.9947,40.943493,206.6917,342.06985,41.73017,132.81151,352.9887,42.899296,573622883.205363,2019-03-07 03:41:18.205363,GRB190307151
95190,204.38708,332.34946,35.86082,215.58197,328.66452,35.865,242.61995,335.12125,36.451786,266.66858,353.72806,33.921814,287.09906,361.81543,34.710747,260.2391,339.60422,40.172455,206.44719,350.41177,39.95752,197.3211,345.8508,37.230396,191.37401,354.34552,34.474743,218.64368,357.74493,43.297718,199.24371,368.12088,41.337685,133.19046,347.47043,47.0084,573622887.3014321,2019-03-07 03:41:22.301432,GRB190307151
95191,203.40158,334.69162,35.467907,214.98807,334.53476,37.03988,240.2704,347.47098,34.688305,256.30295,359.45163,34.709732,281.80295,360.24496,37.259956,261.83722,348.07104,38.413246,213.497,342.1828,37.802677,199.86794,346.24182,39.189793,180.39807,350.61078,40.937237,230.78934,374.20004,41.33833,209.04512,355.00446,41.730656,129.075,339.43396,40.34818,573622891.3975,2019-03-07 03:41:26.397500,GRB190307151
95192,210.85669,327.25897,34.68553,218.90315,335.70377,34.883404,245.18164,348.66357,35.66991,254.32257,354.12997,40.58965,276.10336,341.99164,31.179285,256.91718,326.48666,42.329605,209.18689,345.31506,37.802498,205.35858,359.96536,37.035088,196.4708,337.1149,44.269592,231.76645,367.14316,44.08069,206.09544,342.05576,40.161182,131.04074,327.69977,43.484367,573622895.493568,2019-03-07 03:41:30.493568,GRB190307151
95193,213.97899,330.962,33.70365,234.01193,317.11163,33.51427,243.01598,342.57413,36.844357,277.2723,347.0806,34.904152,266.90234,349.26752,37.260433,255.92271,320.00137,39.3878,204.091,334.92862,40.54399,202.42053,354.08896,39.582718,187.6569,339.85883,39.568577,221.96115,368.8904,37.61389,206.3072,363.82953,46.04197,138.67876,337.88257,41.72115,573622899.589637,2019-03-07 03:41:34.589637,GRB190307151
95194,196.33556,329.18536,34.0942,216.36421,321.2146,35.668736,242.4312,346.69424,35.66894,263.13855,351.57037,35.49037,273.17242,352.2022,37.65191,267.69058,340.7862,39.585285,205.45798,344.51913,35.842525,204.78784,339.22275,39.781754,186.87524,335.35684,37.022453,224.31723,365.1767,40.35751,206.90213,357.9642,46.63135,130.25156,339.0458,43.090744,573622903.6857059,2019-03-07 03:41:38.685706,GRB190307151
95195,209.69287,348.051,37.43116,216.18158,336.522,35.08296,234.39604,357.86554,32.729214,255.08052,337.03568,32.154655,286.67715,341.18896,34.707153,269.63724,328.81635,34.880398,215.84235,344.91684,32.70932,196.14082,337.61304,37.81736,177.26204,331.99908,39.761543,219.21355,360.26248,41.531075,214.90846,349.2997,40.944275,124.16957,331.18414,47.004253,573622907.781774,2019-03-07 03:41:42.781774,GRB190307151
95196,215.77359,339.0448,37.432114,224.59499,327.87732,34.688755,243.01175,340.6084,32.728195,262.75156,358.04803,37.4519,287.28497,350.821,30.983635,267.70837,342.1807,35.47234,203.30807,347.46487,33.10122,210.0559,337.42188,38.013847,180.59607,334.7491,40.15422,223.54845,362.84988,38.988728,207.27109,337.942,38.789864,118.87832,333.13348,43.086044,573622911.877842,2019-03-07 03:41:46.877842,GRB190307151
95197,208.88979,329.20718,39.97516,216.37363,323.58047,35.67029,242.04645,351.21234,39.197807,257.63565,353.51376,34.508274,273.5531,354.5405,32.15965,254.95149,337.06116,34.294014,208.59285,334.1403,28.791689,207.10083,348.9561,36.051613,183.33148,328.27304,37.99819,218.64313,373.4174,42.709858,209.61731,344.20337,40.748035,131.22952,338.6505,44.853077,573622915.973919,2019-03-07 03:41:50.973919,GRB190307151
95198,205.16914,337.63748,36.840305,207.13417,318.44186,39.58477,241.62955,338.83008,34.686478,264.48688,358.59637,32.74226,277.07437,348.45093,33.139114,266.31232,345.87286,37.6247,216.01642,332.54385,36.818756,205.53307,342.09793,32.132908,181.96645,340.03635,35.844845,217.64447,351.05212,38.984024,200.02625,352.44586,37.615124,124.754585,339.59882,43.282204,573622920.0699971,2019-03-07 03:41:55.069997,GRB190307151
95199,208.87192,322.12515,31.9382,209.67816,320.98395,33.901237,236.52077,323.5259,36.644062,260.76758,360.36902,39.801365,265.51007,341.20203,34.904575,256.90656,331.76416,40.76016,217.98874,323.1639,37.212814,189.07774,343.08304,36.05213,175.29826,338.84467,41.91489,214.11148,347.5149,34.08545,203.35687,354.20926,36.635582,129.2542,325.09387,40.342976,573622924.1660659,2019-03-07 03:41:59.166066,GRB190307151
95200,207.89485,333.8858,35.857452,204.78572,320.21042,34.88216,250.24394,335.2916,30.962053,260.18335,348.21823,37.841286,279.4407,357.09583,33.532887,260.0372,325.29144,40.56345,204.86195,332.75378,39.366398,200.055,361.50977,35.073303,176.86356,343.54227,39.172436,210.98431,343.80453,41.139004,205.32355,344.42633,38.596127,137.09938,332.95563,45.830364,573622928.2621341,2019-03-07 03:42:03.262134,GRB190307151
95201,202.80139,324.8741,37.425186,219.4825,319.6214,31.55061,250.84242,340.00906,34.686802,258.03806,353.13568,35.686115,289.6369,351.6039,30.787403,249.26227,327.05875,39.584103,208.39961,344.91705,37.80181,203.61208,366.0706,39.97773,180.77011,336.66718,37.799168,225.27731,348.2983,38.786877,196.11563,362.64737,40.35946,132.40341,334.33823,51.51198,573622932.358203,2019-03-07 03:42:07.358203,GRB190307151
95202,204.76999,329.78748,34.48758,212.42941,322.9554,32.530704,244.77502,350.01456,35.863754,264.7048,348.42993,31.372421,286.30063,339.8349,30.198832,266.14185,341.0065,37.432323,208.20352,330.81442,38.78109,199.86212,352.11002,37.621105,179.99318,342.1633,39.95496,220.01775,363.82275,38.20433,212.77365,351.09613,41.535927,132.5961,326.88757,44.263985,573622936.454272,2019-03-07 03:42:11.454272,GRB190307151
95203,206.90837,336.2261,36.83596,227.318,327.25952,30.570353,245.94612,342.36484,33.707355,251.3596,365.86353,34.704094,281.78723,341.59595,36.473503,260.6447,344.5214,36.64704,203.1067,333.5494,35.84236,192.0248,341.9217,35.26986,179.00044,337.0457,44.45635,224.11255,363.20337,39.768223,214.34238,355.40866,33.895092,122.79066,318.23734,45.042824,573622940.5503399,2019-03-07 03:42:15.550340,GRB190307151
95204,206.52156,334.86276,35.269337,218.90944,311.99985,36.844204,253.80658,339.45404,41.5498,260.5763,349.00363,29.802557,286.87753,359.03812,31.570255,256.3218,337.25522,38.605045,208.9757,345.09387,35.449486,193.78058,342.69183,35.464394,181.9659,351.5918,38.391083,220.57889,353.20047,38.003822,213.35132,353.03864,38.203403,132.39282,334.5073,48.3743,573622944.646409,2019-03-07 03:42:19.646409,GRB190307151
95205,204.54987,313.4864,35.463146,228.70909,327.09122,30.572937,238.49324,335.10553,30.571032,246.44156,347.214,31.564909,285.12057,364.14642,30.198465,256.32846,326.48566,39.389927,213.87204,335.69293,36.428753,189.2533,338.14822,36.63599,173.32648,327.65558,40.932465,216.6773,367.33267,37.027134,218.43465,346.36093,46.62551,133.57622,336.48672,41.326366,573622948.7424779,2019-03-07 03:42:23.742478,GRB190307151
95206,198.09494,335.64456,32.134094,232.62515,333.5535,29.20063,240.05594,344.3088,35.665455,247.98091,338.7439,31.757238,271.3914,345.31808,32.74737,260.63303,323.3417,37.037323,201.344,344.12585,39.5637,196.70828,345.21912,40.75231,179.41115,347.85394,40.347923,229.01349,359.48654,37.809757,216.10107,348.73972,41.535294,125.54066,333.73056,40.54121,573622952.838546,2019-03-07 03:42:27.838546,GRB190307151
95207,198.47516,323.28134,32.524063,225.36586,318.0598,34.686745,233.39877,343.92514,32.334843,255.0688,341.52948,42.544144,273.54337,353.9396,31.766325,267.71136,335.9131,40.1763,209.57138,343.54037,41.522552,207.70262,361.71606,38.797283,183.71704,348.6315,43.872726,224.11256,343.22134,36.633785,201.20369,345.00458,41.9256,125.733055,322.36234,35.64395,573622956.934615,2019-03-07 03:42:31.934615,GRB190307151
95208,191.81279,321.3207,28.997236,229.47513,322.75452,33.1181,228.28833,328.81357,32.920547,251.52335,345.23196,33.719418,262.33582,351.34958,30.782303,255.93115,346.07535,33.510128,204.4767,342.1655,33.88359,190.0506,347.5771,35.267124,178.41562,357.61462,38.189953,223.50342,344.5596,37.413807,210.61964,345.80807,45.846508,129.6573,327.66867,42.109245,573622961.030693,2019-03-07 03:42:36.030693,GRB190307151
95209,196.13914,326.24542,33.898174,218.6955,305.89935,35.273468,235.53752,333.71082,32.33252,253.68953,344.26492,35.289116,277.00598,354.44217,29.406155,265.31873,325.08405,36.251083,208.77304,337.64044,36.23172,197.29485,343.4537,36.049904,181.72272,343.66742,38.968555,226.6599,359.87402,35.654366,217.28403,337.97562,39.185577,122.210014,328.83112,40.73667,573622965.12677,2019-03-07 03:42:40.126770,GRB190307151
95210,212.40652,329.38687,32.72315,215.75558,334.90128,27.826788,243.76425,331.55072,30.176603,254.84761,343.84824,31.561897,269.1716,360.52917,31.563457,270.63303,336.8705,37.626026,199.18231,339.80463,39.366417,196.70969,338.95197,43.299644,177.80022,329.16537,42.100273,216.45294,343.3864,35.84696,216.08728,340.6852,40.35719,131.21751,333.5275,43.67389,573622969.2228379,2019-03-07 03:42:44.222838,GRB190307151
95211,199.84848,325.04767,35.855167,218.51022,327.27542,32.72754,238.87491,333.52347,36.840427,259.37024,339.16138,32.739857,269.37827,358.77893,34.505512,280.62643,328.24667,36.254112,201.53386,346.0742,35.8413,195.14197,344.43735,35.070698,172.51918,338.1846,39.36022,222.94919,352.83963,38.594894,203.14748,334.20407,34.67416,132.40099,345.49603,37.213295,573622973.318907,2019-03-07 03:42:48.318907,GRB190307151
95212,201.59583,319.1444,31.934032,212.79976,312.73334,30.56792,234.56561,330.58664,31.3538,247.02458,334.85553,30.387943,270.35092,354.06366,37.24922,266.90976,331.77548,33.510696,193.68977,336.46008,35.839462,191.0174,335.7988,35.460667,179.77284,336.82928,39.75369,223.91621,356.15018,38.005024,201.77577,338.12134,35.457684,122.411026,325.71127,38.97567,573622977.414976,2019-03-07 03:42:52.414976,GRB190307151
95213,210.04176,327.01465,30.761713,217.10234,300.76904,33.113987,240.45474,331.1887,30.375294,255.44995,352.29745,30.779465,258.97168,355.81653,39.9926,251.62776,345.49823,37.038666,191.91895,327.04556,33.683735,193.37727,348.15744,33.30713,171.53458,342.67752,37.20499,226.2653,346.94012,44.077656,210.21625,339.71573,40.358387,131.63057,335.7363,40.938675,573622981.511045,2019-03-07 03:42:56.511045,GRB190307151
95214,220.62752,319.5768,35.464993,217.5147,323.72458,30.76559,237.71916,332.57166,35.667675,259.55954,351.1111,31.36671,252.29405,351.68262,39.5986,258.86792,326.47534,35.665375,200.54941,327.8513,42.49924,202.7809,341.10294,32.71924,168.9912,338.37402,37.00966,215.87961,357.12207,37.808315,197.86456,347.34045,33.499844,131.99588,325.28952,40.342953,573622985.6071141,2019-03-07 03:43:00.607114,GRB190307151
95215,202.0065,329.75455,29.585821,230.66443,334.33603,30.180393,249.08086,342.55966,34.295162,246.02739,346.3987,32.934345,272.10123,334.2454,33.13048,262.79153,334.31946,40.36917,201.32997,334.30957,34.273098,185.53786,337.37717,35.65775,165.45206,331.49152,39.16025,229.77803,347.70334,36.631283,211.20993,347.77145,39.969227,140.039,320.03317,40.151043,573622989.703182,2019-03-07 03:43:04.703182,GRB190307151
95216,205.14238,321.33096,34.876163,201.43427,307.63794,31.743534,236.34978,348.0574,36.255978,258.40585,353.29846,39.015755,265.24423,337.7796,29.798317,243.5691,327.43683,38.406715,197.61624,347.64008,39.56242,201.4145,336.0174,37.422348,170.73123,319.5337,37.004818,231.36382,355.3717,38.59329,211.01488,355.61002,39.77346,122.585915,309.7938,39.7523,573622993.7992511,2019-03-07 03:43:08.799251,GRB190307151
95217,200.24168,325.04987,36.051342,224.76913,306.28958,32.33383,246.91151,340.38516,28.21846,252.68466,336.39014,32.541237,278.77945,347.2,30.779448,254.16025,328.4291,35.664738,197.99693,325.8822,38.97269,201.02098,342.4802,36.834255,173.671,339.3144,38.767597,237.43561,347.33774,38.788986,217.87123,339.15027,37.81398,138.07788,326.49054,36.429058,573622997.8953199,2019-03-07 03:43:12.895320,GRB190307151
95218,206.51411,319.7638,33.50466,219.06744,294.89847,31.351334,248.86685,334.50058,32.13714,258.012,346.0419,33.13376,270.54053,351.89874,26.85801,268.47244,327.26205,37.42937,199.17775,341.75534,35.644398,199.65097,331.9026,38.206024,180.92256,332.8662,39.16073,234.69131,349.29434,38.005104,219.63223,343.26108,42.711708,131.61816,318.66483,37.01761,573623001.991397,2019-03-07 03:43:16.991397,GRB190307151
95219,201.02037,312.5024,37.030067,212.0267,315.49258,35.468422,246.71883,336.4704,34.09776,256.38715,326.5604,30.186255,267.7862,352.47406,36.462833,259.253,332.93335,34.68464,190.75296,337.44083,43.085884,200.62209,340.90082,37.616642,171.52827,339.72778,40.532364,217.63849,345.75333,39.17885,211.8039,348.76126,40.36226,128.47928,325.11523,40.933186,573623006.0874751,2019-03-07 03:43:21.087475,GRB190307151
95220,201.81181,315.64935,37.03149,214.58301,311.9782,33.902153,240.82042,325.86197,33.507153,248.7691,333.6525,35.874504,253.45769,350.29303,33.519924,258.27118,331.95096,32.528843,204.06242,318.6272,37.992428,190.81128,342.2457,38.789154,168.97432,332.07468,40.138744,216.465,345.95218,38.983288,212.57556,338.55353,38.008904,132.19893,319.82346,41.716103,573623010.1835439,2019-03-07 03:43:25.183544,GRB190307151
95221,203.57333,319.76102,29.781662,220.446,306.86084,33.115887,231.2096,320.55838,34.09362,249.97081,335.84314,33.721554,269.73087,345.39664,34.304436,272.01398,325.3193,36.059486,203.68092,335.29013,36.819244,195.9042,327.94363,36.82999,178.18222,331.88885,33.28679,217.05888,341.06454,35.458176,217.85535,331.48492,36.83166,130.62073,331.34973,40.7333,573623014.279613,2019-03-07 03:43:29.279613,GRB190307151
95222,217.69429,314.6868,35.270004,221.228,314.1085,36.250824,234.16006,327.04028,31.547924,257.22168,353.67984,35.681667,271.51904,346.6034,32.54308,253.75343,336.2478,38.99377,201.52084,330.97205,38.776604,193.35628,328.52936,40.74783,165.2491,324.03702,40.724895,221.17052,355.55756,40.159393,212.95036,326.77203,35.850887,139.64337,320.80762,40.34577,573623018.375682,2019-03-07 03:43:33.375682,GRB190307151
95223,212.1872,329.93835,30.56436,223.00146,320.98102,33.900925,242.02164,328.83588,35.47038,259.95905,349.35672,34.112274,260.53296,351.69006,37.83511,264.74316,333.91733,38.01641,209.56303,323.7455,38.974808,193.94925,336.9623,37.41849,157.79941,324.9963,36.61103,217.05797,345.76474,37.612934,194.52853,335.9682,36.82917,134.13991,309.403,39.75241,573623022.471751,2019-03-07 03:43:37.471751,GRB190307151
95224,200.23984,330.33694,36.638798,222.59116,311.94113,32.91841,229.82776,323.2871,32.720577,258.98026,345.82977,31.759878,260.91092,335.59692,27.835726,249.05066,330.17337,33.115314,198.19548,332.1537,34.46878,184.33902,317.54895,37.612213,158.59975,340.30417,40.922653,223.72612,350.67404,38.20192,212.5644,328.74017,34.87232,122.604256,341.1767,37.799713,573623026.5678201,2019-03-07 03:43:41.567820,GRB190307151
95225,196.51628,317.40417,32.3282,225.33539,306.45615,32.526672,239.84567,324.1052,34.29166,261.90854,341.69653,33.326683,270.1082,339.6934,32.538433,261.81134,339.0222,34.490116,199.75984,319.81158,37.40601,195.52316,329.13718,37.41976,161.14148,337.94678,38.180546,232.73145,342.8283,42.314808,209.43408,342.06912,34.873028,135.92154,318.84763,39.95388,573623030.663889,2019-03-07 03:43:45.663889,GRB190307151
95226,204.94217,326.81027,32.91614,223.18971,314.50348,31.15642,241.62808,338.04416,35.666107,262.31833,335.44592,37.838142,251.88155,337.34485,29.598532,277.68225,334.5121,36.645435,196.62532,337.044,37.209972,199.23318,321.28064,35.654316,164.45203,307.56445,33.869286,227.63301,340.66592,41.334393,224.52405,342.27182,36.441074,139.04868,303.16525,40.343697,573623034.759958,2019-03-07 03:43:49.759958,GRB190307151
95227,201.61711,325.8399,30.95773,223.16768,304.088,28.01842,236.8942,322.1291,35.46555,269.97064,346.82504,31.369139,261.118,343.84457,34.50208,272.36328,320.36975,30.763334,196.43036,323.92404,39.168568,200.21452,336.95596,32.12836,166.4152,327.3485,34.261955,225.09415,344.39993,38.00545,211.7813,345.0017,37.027443,127.103325,310.02243,36.818836,573623038.856027,2019-03-07 03:43:53.856027,GRB190307151
95228,214.55559,342.89706,33.505943,223.94542,292.71606,31.936222,245.34177,326.2732,30.373781,266.222,358.5567,37.83567,265.42822,342.86115,31.953325,265.11118,318.79962,31.350914,206.81998,323.9396,33.09903,193.75453,337.35623,38.20236,161.1355,329.9068,36.808594,226.26566,352.81772,41.13921,210.40993,331.28787,40.357956,133.36186,308.2402,33.683174,573623042.952105,2019-03-07 03:43:57.952105,GRB190307151
95229,199.83627,317.38702,29.191769,204.55283,306.43738,28.214184,235.91548,324.48175,34.094097,260.73206,340.71603,34.11081,262.87402,338.541,37.245388,269.24393,325.0915,35.076176,214.0485,319.01648,31.137888,200.20584,333.80698,36.044888,160.7378,315.2105,34.84936,229.2003,336.16043,36.045177,203.35117,334.41275,40.356785,128.86192,329.98837,37.20937,573623047.048182,2019-03-07 03:44:02.048182,GRB190307151
95230,208.66183,317.79297,32.915672,215.34163,296.65808,32.722523,232.96967,337.2084,31.937809,262.46188,327.53833,32.538216,267.96738,339.1248,36.460815,261.79858,339.2016,37.42779,192.30617,318.2256,37.01208,190.79587,339.27972,39.373684,163.86865,318.3398,36.415257,223.33432,344.60095,35.067406,218.65778,340.52618,37.03075,124.5583,328.0427,40.931892,573623051.1442511,2019-03-07 03:44:06.144251,GRB190307151
95231,210.62053,319.55545,34.287064,220.83487,315.0865,29.392397,242.98639,335.47797,30.961168,253.86914,339.34167,35.48287,262.07565,330.2898,31.166811,268.0563,328.21222,35.07462,197.39621,308.6274,36.22847,196.68272,333.42032,36.829033,189.73045,323.26624,36.61465,230.77582,343.81287,37.22191,218.04128,322.84998,38.005398,133.36423,317.44995,37.40465,573623055.240321,2019-03-07 03:44:10.240321,GRB190307151
95232,206.49568,315.81693,32.913925,218.2973,326.46616,32.920956,235.1577,339.41095,31.158394,255.81297,338.1436,36.4607,262.4656,351.45694,30.774534,258.44778,320.5615,40.364098,209.36432,334.12115,42.695435,194.13702,326.1737,31.34402,169.15428,331.8478,39.54764,216.46608,337.53036,35.45734,213.54721,326.786,42.31761,132.58136,315.49274,36.62144,573623059.33639,2019-03-07 03:44:14.336390,GRB190307151
95233,203.54623,311.09857,32.912193,202.78735,314.85922,32.91621,230.6203,337.9949,30.762436,253.26422,333.2424,30.775915,264.23343,337.74048,33.127186,270.4049,334.08725,34.290478,208.37605,322.94373,35.251587,199.03635,328.3316,35.066444,162.09982,324.98273,36.41373,233.69379,334.37997,37.218624,203.94867,323.26157,41.534214,135.92403,331.77997,39.17119,573623063.432459,2019-03-07 03:44:18.432459,GRB190307151
95234,196.50284,316.4029,32.325993,222.80423,317.45193,33.508816,245.13939,335.67047,33.312305,253.85477,325.0125,29.992107,274.2312,343.03403,36.459618,271.59238,331.75027,32.724335,201.93085,350.588,39.171844,196.49998,330.30804,31.933695,168.57759,323.44968,39.35435,225.8614,335.36404,40.941055,208.28004,351.5093,37.031918,138.2745,339.223,43.67594,573623067.528528,2019-03-07 03:44:22.528528,GRB190307151
95235,193.95164,311.4981,30.75799,220.43863,309.78976,32.330997,242.97314,319.78403,34.48651,245.24751,329.9373,32.934917,257.9473,340.07492,36.653606,256.3011,322.1399,36.642433,205.44032,317.2672,36.03529,192.35403,315.3666,33.29958,158.57156,309.89975,38.174637,232.14778,353.60907,33.891617,215.71011,357.55765,38.00887,126.70397,312.5495,39.754105,573623071.6245971,2019-03-07 03:44:26.624597,GRB190307151
95236,208.073,321.318,34.28698,219.06999,310.96967,32.33144,240.22644,309.78632,31.938753,239.32875,347.1345,32.929756,255.57208,330.6366,30.770565,248.25261,318.59412,39.57934,196.80891,310.78186,37.599316,194.52634,322.2516,32.32311,157.39014,316.73788,38.17298,216.86684,351.64948,40.748238,220.80508,342.47318,35.657963,128.6651,314.12302,40.146645,573623075.7206659,2019-03-07 03:44:30.720666,GRB190307151
95237,206.28642,318.14734,32.911793,221.99995,313.5039,30.95851,238.86679,320.57922,27.629381,250.51622,336.76593,29.599333,261.27557,335.36572,27.6368,253.15141,332.50616,36.248463,198.95255,310.178,30.156195,189.82617,322.84164,31.343847,165.23018,321.25916,35.238667,223.12874,344.7819,35.653584,209.43561,336.97778,35.265118,127.68136,313.916,39.361893,573623079.816735,2019-03-07 03:44:34.816735,GRB190307151
95238,213.36101,331.50305,28.996721,208.68005,315.07748,27.236176,248.64604,329.3727,26.451706,241.73106,347.99078,30.78003,257.54962,348.8876,30.380661,253.36154,330.17337,32.13557,202.49077,319.59857,36.42484,195.87517,310.85388,34.08228,157.79008,325.36865,35.82579,213.1304,338.30533,35.06465,215.51044,346.1881,34.28575,125.31631,300.95496,35.441017,573623083.912805,2019-03-07 03:44:38.912805,GRB190307151
95239,208.2721,326.80887,34.091576,213.96486,304.09656,29.390776,227.08702,338.76917,30.761572,256.5948,331.47577,30.57967,267.34998,340.6556,28.812643,267.6733,334.6896,36.643417,202.49585,318.6274,31.921494,199.81322,339.0948,35.45705,167.97012,314.01407,38.370796,220.79494,349.11853,38.59503,221.98595,331.70538,29.780993,128.26839,308.4316,39.165916,573623088.008883,2019-03-07 03:44:43.008883,GRB190307151
95240,194.92886,321.09387,33.10852,214.73973,307.61075,30.369215,230.05031,344.0957,28.609324,249.73059,329.51108,34.499672,264.4188,345.76337,30.773724,253.74933,318.41132,32.722885,207.9763,325.67288,32.116867,192.56833,339.8841,35.849445,163.06758,307.73376,33.670616,216.85701,345.56076,35.065407,213.74947,330.5182,38.40045,130.02197,307.43146,38.771614,573623092.104961,2019-03-07 03:44:47.104961,GRB190307151
95241,201.39653,309.9312,31.345762,223.57816,318.02573,35.07493,230.22899,329.17847,28.803118,243.84631,333.62253,31.558887,252.84692,344.18542,33.51692,269.62677,316.85065,37.034492,194.63736,322.89438,32.11321,192.3662,329.099,35.456497,154.4628,304.2271,36.021744,229.21808,357.73694,34.480667,220.81815,331.71704,37.031612,141.77591,305.67984,37.206387,573623096.20103,2019-03-07 03:44:51.201030,GRB190307151
95242,199.04651,323.64648,32.325466,221.80989,315.86356,32.526894,237.28683,334.67044,29.19549,249.74854,331.88718,36.65854,258.72946,348.30472,31.949167,265.5075,321.94012,36.054157,205.2224,320.56207,32.702423,186.88808,334.79218,34.086506,155.24928,321.0704,37.980278,243.51114,344.99045,35.263077,216.11562,340.72986,36.63973,134.54599,303.16913,40.931747,573623100.297099,2019-03-07 03:44:55.297099,GRB190307151
95243,191.59853,316.39224,36.438984,217.28839,300.75534,33.700275,237.884,336.2512,32.723747,257.39502,349.53186,31.953838,259.91904,344.59854,34.30304,265.13925,332.9428,30.178452,199.93803,320.76248,35.44445,200.19359,335.15775,32.124996,159.54852,316.94363,36.803833,230.57726,335.9728,37.221478,219.05461,346.02008,39.382805,128.4675,311.18118,38.77525,573623104.393168,2019-03-07 03:44:59.393168,GRB190307151
95244,194.14714,312.477,34.48022,215.32767,309.7662,29.193651,244.3393,324.47943,32.918205,249.33995,336.17767,30.971472,248.74367,336.3626,31.166464,265.32162,321.95233,29.197138,195.82123,315.66382,39.164246,190.40283,327.7201,35.651558,151.90535,314.77295,39.34662,227.63675,332.2478,38.59246,200.60237,334.20667,37.612946,128.66629,319.02188,39.951176,573623108.4892371,2019-03-07 03:45:03.489237,GRB190307151
95245,191.21062,311.10907,31.737827,219.45181,310.5635,30.95838,235.12544,314.6762,31.154121,244.61719,332.6245,27.44103,250.48872,343.001,30.184088,259.6183,302.52878,31.154194,182.88992,315.06412,36.81296,182.76158,318.11877,35.063583,158.9579,326.5293,37.781868,232.52689,329.29883,32.518505,214.13464,333.2507,34.67688,124.74448,312.5466,36.620434,573623112.585307,2019-03-07 03:45:07.585307,GRB190307151
95246,197.07402,320.88196,31.931477,228.85814,312.72055,28.215387,229.81743,323.07666,30.563955,248.74167,340.08417,33.32237,253.60829,343.95868,26.850336,244.91605,319.1746,34.48418,195.23792,321.74112,36.81517,185.89444,327.71487,32.516838,164.04903,323.59552,35.43302,228.60785,342.22614,34.67317,215.31683,338.1591,31.34731,137.286,317.8533,44.06469,573623116.681376,2019-03-07 03:45:11.681376,GRB190307151
95247,209.82455,311.11243,34.285057,219.85626,325.27753,31.548,240.60081,322.49915,30.368996,246.58835,346.75262,35.87096,245.97635,345.54288,32.53552,269.99533,316.43137,34.87603,201.31334,318.2239,33.095287,184.10852,318.2727,30.35832,157.97792,315.56433,41.305256,226.8527,339.69135,38.396484,211.7966,333.66293,36.050488,138.26114,307.6604,41.125835,573623120.7774451,2019-03-07 03:45:15.777445,GRB190307151
95248,194.725,310.50214,30.756363,228.27269,312.3319,32.72235,223.55403,328.57153,31.152578,239.13504,341.06146,32.930073,245.36983,337.87347,31.357166,278.06778,327.64578,31.549622,188.77124,320.36282,32.897892,197.45021,318.70187,32.712486,153.67126,313.41107,41.30527,229.01936,343.4311,36.63526,219.2301,333.05734,38.00772,132.37196,297.44528,39.946568,573623124.873515,2019-03-07 03:45:19.873515,GRB190307151
